c = 1;
ena = 50*10^-3;
ek = -77 *10^-3;
el = -55*10^-3;
gna = 120*10^-3;
gk = 36*10^-3;
gl = 0.3*10^-3;
dt = 0.01*10^-3;
T = 30*10^-3
m = 3*T/dt;
io = 



